5705518332202694194901 9142387351736666989601 8093711160799716081758
5705518332202694194901 13720959028530118825373 3428289052848651184856
5705518332202694194901 17946846274238211413099 1696143121363615761240
5705518332202694194901 18275078718229196462867 1136019490141602929543
5705518332202694194901 18822643771170175069171 5080908992196302290357
5705518332202694194901 18884148706016962309091 840469108681024185267
5705518332202694194901 18885363564571651529297 7852682710059629538136
5705518332202694194901 18889081462276006313243 15961289384416489656636
5705518332202694194901 18889149051234927915113 15638874156764666795261
5705518332202694194901 18889262711165479986697 15114382897541968863096
5705518332202694194901 18889402061928929874041 12004441125620301446069
5705518332202694194901 18889449295959610358117 5091956902885567501214
5705518332202694194901 18889457410763389275181 7321374469040045634795
5705518332202694194901 18889462856873108252663 12672312754096572399501
5705518332202694194901 18889463247667374633643 10307513380535096982222
5705518332202694194901 18889465693004374938073 7218907869895828368809
5705518332202694194901 18889465721673428357761 13434056413567095878499
5705518332202694194901 18889465795331688734731 4268497534161015943377
5705518332202694194901 18889465816008977612611 9841667964579719101570
5705518332202694194901 18889465916421967292219 12209925814924746728485
